initPos=[0 0 100;1 0 100;-1 0 100;0 1 100;0 -1 100;  0 0 100;0 0 100;0 0 100;0 0 100;  50 0 100;-50 0 100;0 50 100;0 -50 100];
initVel=[0 0 -10;0 0 -10;0 0 -10;0 0 -10;0 0 -10;  0 0.2 -10;0 -0.2 -10;0.2 0 -10;-0.2 0 -10;  -5 0 -10;5 0 -10;0 -5 -10;0 5 -10];



